["d41d8cd98f00b204e9800998ecf8427e","2021-12-30 19:15:24"]
["d41d8cd98f00b204e9800998ecf8427e","2021-12-30 19:37:34"]
["d41d8cd98f00b204e9800998ecf8427e","2021-12-30 19:37:53"]
["d41d8cd98f00b204e9800998ecf8427e","2021-12-30 19:37:55"]
["d41d8cd98f00b204e9800998ecf8427e","2021-12-30 19:37:57"]
["d41d8cd98f00b204e9800998ecf8427e","2021-12-30 19:39:13"]
["d41d8cd98f00b204e9800998ecf8427e","2021-12-30 19:39:17"]
["d41d8cd98f00b204e9800998ecf8427e","2021-12-30 19:39:18"]
["d41d8cd98f00b204e9800998ecf8427e","2021-12-30 19:39:22"]
["d41d8cd98f00b204e9800998ecf8427e","2021-12-30 19:39:23"]
["d41d8cd98f00b204e9800998ecf8427e","2021-12-30 19:39:33"]
["d41d8cd98f00b204e9800998ecf8427e","2021-12-30 19:39:59"]
["d41d8cd98f00b204e9800998ecf8427e","2021-12-30 19:40:21"]
["d41d8cd98f00b204e9800998ecf8427e","2021-12-30 19:40:23"]
